872
123
735
100
666
45
212
196
897
982
757
592
727
220
190
425
700
575
864
804
435
118
489
797
51
515
807
994
607
55
760
316
618
981
523
403
844
663
970
6
767
61
597
393
87
551
183
625
315
529
367
548
817
36
576
750
329
810
554
759
379
547
443
650
152
917
798
900
639
162
238
679
812
271
104
750
436
747
586
868
569
385
109
656
270
108
703
528
421
61
173
160
513
525
450
29
922
43
257
992
677
922
215
191
623
184
795
319
345
429
657
445
611
669
710
987
787
199
652
791
424
213
174
944
707
973
429
735
120
409
495
542
908
21
85
826
32
405
386
205
935
460
751
897
411
459
796
601
108
473
685
308
112
494
759
827
15
917
468
260
792
869
670
339
406
424
754
219
676
585
173
160
282
745
662
340
657
226
133
688
607
579
474
85
799
684
671
401
382
773
124
92
241
674
6
333
639
976
108
512
145
765
272
100
269
277
155
438
589
368
432
97
789
453
239
995
871
596
140
594
472
567
978
231
454
201
785
140
641
157
536
452
55
195
924
880
259
389
767
134
321
590
92
910
801
161
994
856
958
561
93
585
16
390
876
461
119
92
592
904
650
832
605
452
453
807
709
68
579
354
558
983
653
320
943
165
213
466
270
84
883
578
780
446
352
931
987
23
292
835
46
541
318
523
66
602
31
940
509
430
943
215
740
575
439
58
97
129
19
792
491
181
189
413
211
763
43
403
276
106
902
576
5
904
926
116
853
940
234
80
439
751
562
678
704
441
396
733
556
207
751
348
183
962
290
667
662
136
489
199
677
483
825
390
548
534
319
145
751
441
718
229
440
709
812
477
778
307
93
857
938
717
99
631
356
637
50
344
455
901
492
654
625
103
30
207
99
210
992
134
892
905
586
206
745
534
467
97
568
82
429
222
356
69
299
939
308
965
497
894
962
940
693
64
571
404
399
244
421
91
34
640
467
426
720
450
897
693
727
636
698
29
665
131
69
526
56
234
923
503
560
383
902
423
114
975
799
734
142
456
531
687
124
940
527
557
158
337
824
428
850
724
797
617
427
737
521
626
961
491
695
713
714
85
188
922
95
106
428
334
680
173
690
32
102
590
439
915
459
193
376
517
970
360
162
275
32
369
999
987
516
662
701
925
953
505
989
215
502
342
948
589
489
601
465
411
722
522
743
986
44
189
790
477
955
102
101
228
796
297
658
55
2
167
579
753
964
181
398
560
333
407
963
753
363
2
955
40
690
856
800
128
444
156
96
908
957
418
113
387
957
134
318
554
984
965
859
984
321
560
472
501
795
175
156
768
947
677
62
516
940
822
934
907
673
945
56
916
222
900
911
413
534
444
454
841
538
608
832
994
406
685
539
346
751
553
644
10
349
311
663
953
921
585
484
415
911
277
199
20
205
628
629
842
152
817
624
873
442
448
736
757
375
952
955
370
133
537
770
37
969
754
469
318
252
915
565
604
254
991
983
878
155
762
721
851
748
441
275
151
526
929
490
551
538
982
236
492
669
96
389
27
184
482
753
849
774
763
881
941
621
821
938
684
831
901
852
337
62
965
200
570
919
968
667
324
53
521
217
744
937
190
515
601
66
417
103
544
54
818
534
193
979
370
440
402
701
548
617
353
663
548
963
339
590
951
184
72
977
374
147
493
722
962
849
4
285
565
981
173
208
303
235
674
28
948
462
856
83
100
51
302
805
204
77
141
848
931
624
939
305
228
71
224
335
88
915
950
721
524
583
256
211
316
811
1
525
473
900
998
472
940
212
689
470
954
456
182
834
977
285
42
843
212
258
11
795
22
595
816
522
157
966
142
884
815
535
452
640
798
63
131
193
190
801
916
764
790
136
970
503
87
694
527
123
288
864
959
1
920
501
954
799
184
997
230
57
127
260
79
832
573
974
833
449
418
985
982
132
76
868
656
476
796
641
246
908
346
98
614
902
310
663
766
906
345
696
483
413
759
924
22
515
275
354
7
412
14
555
210
755
677
561
317
710
248
296
29
805
395
583
959
898
207
93
806
26
326
675
162
642
235
514
797
997
164
719
971
736
877
867
252
509
381
507
877
146
100
357
505
782
77
644
757
715
87
520
573
495
970
157
628
748
782
196
94
278
948
497
370
97
169
117
6
976
782
145
624
51
152
747
659
184
455
454
85
903
98
509
507
808
258
801
974
810
699
517
104
777
707
890
652
695
884
145
80
200
138
348
208
345
427
753
135
290
837
392
795
564
538
864
94
792
333
105
428
807
159
69
393
557
573
706
719
813
998
908
839
517
703
773
303
437
779
731
810
124
474
641
935
206
686
759
532
441
665
864
4
279
243
198
179
850
261
312
239
977
139
174
558
714
229
939
325
489
507
157
63
373
84
551
39
669
264
899
415
442
170
156
93
612
142
203
88
995
886
366
831
410
383
965
515
131
675
552
830
20
617
212
783
454
476
505
970
833
24
968
403
943
549
919
662
511
526
340
884
490
438
371
805
786
798
311
519
359
800
231
248
324
883
49
541
851
216
131
198
186
255
442
909
465
314
427
353
371
148
296
919
843
736
378
109
313
745
124
390
871
494
685
747
180
792
770
341
15
583
466
198
456
241
471
790
822
151
377
567
540
196
256
79
872
862
786
650
778
735
105
766
808
601
603
433
325
521
21
434
188
872
224
257
668
886
744
886
101
418
998
917
902
113
834
505
162
945
864
163
740
404
22
173
214
71
311
419
1
86
481
291
696
832
28
425
264
628
713
502
978
135
339
19
0
725
607
989
899
214
145
472
904
415
726
622
100
883
126
667
385
765
944
508
25
264
281
86
674
642
783
448
699
145
296
389
320
533
211
229
77
471
36
392
2
75
189
614
233
130
793
629
967
458
787
463
359
856
73
293
896
873
718
676
693
342
790
800
544
816
691
507
756
460
293
21
334
743
275
733
904
407
723
904
583
240
658
149
670
124
108
536
383
870
919
637
617
835
946
365
590
797
286
543
631
805
823
93
681
818
230
497
736
451
740
657
152
77
428
647
648
833
115
105
405
742
247
242
124
295
617
531
289
714
649
379
871
46
658
182
954
492
244
103
517
429
343
742
224
999
368
181
726
973
714
420
240
925
787
722
935
772
269
61
655
310
686
406
135
343
68
964
443
98
707
308
737
474
493
454
644
875
943
435
419
66
827
257
770
641
63
586
934
305
36
490
900
534
449
107
633
16
596
976
223
821
994
466
181
486
685
702
589
380
851
984
696
310
895
114
234
343
604
315
341
900
825
875
557
324
902
88
883
254
891
199
233
109
81
712
254
689
690
831
279
125
725
467
545
770
440
678
425
911
454
441
36
853
3
173
58
936
392
505
39
181
134
427
78
452
362
212
260
606
762
434
579
309
695
750
444
293
229
648
806
236
538
264
114
317
689
494
130
0
319
416
167
660
17
232
240
177
265
902
391
294
376
755
477
698
242
225
46
436
326
451
391
538
580
666
566
534
728
180
759
233
525
747
628
711
78
589
560
102
837
206
326
491
144
907
641
572
283
437
420
337
991
13
429
907
493
837
751
646
387
471
186
915
708
915
588
501
556
453
751
821
149
431
212
456
655
583
766
768
551
78
805
223
394
973
659
85
434
11
771
541
70
286
360
346
238
383
311
695
389
0
327
547
367
887
454
278
860
109
620
741
94
598
875
511
623
714
178
985
71
451
213
909
921
990
571
157
720
125
481
874
448
937
363
230
530
942
368
419
720
676
218
414
181
813
271
99
239
153
924
696
377
15
974
233
735
534
516
872
305
502
488
859
743
772
585
508
289
880
81
621
824
642
360
773
588
898
616
77
736
577
139
610
768
633
612
294
873
526
60
845
202
934
498
790
355
218
312
488
271
647
175
363
732
327
971
15
679
986
929
963
355
676
228
138
344
296
313
455
317
981
707
187
306
160
752
923
53
138
427
152
158
211
253
149
439
919
662
561
891
75
591
298
153
90
326
144
230
930
303
22
942
272
568
135
605
508
243
950
441
582
113
837
192
253
438
114
956
469
165
478
598
727
791
333
54
588
472
995
111
547
530
126
128
486
776
742
448
95
338
914
941
182
406
268
606
586
84
768
99
642
276
777
41
747
636
691
279
873
915
422
99
924
752
422
828
9
138
143
146
367
107
929
288
939
153
317
981
254
324
106
815
187
357
965
610
483
900
11
367
464
941
845
805
401
622
232
972
678
487
245
7
771
973
508
142
914
179
46
187
120
719
146
159
143
1
31
473
350
519
429
280
962
502
108
500
853
368
120
644
507
655
320
737
135
81
700
937
826
769
26
280
341
924
416
976
879
572
963
765
715
742
31
838
712
466
126
123
354
465
1
663
488
974
298
67
962
37
699
340
923
695
737
991
986
284
620
397
295
956
195
305
255
55
186
568
503
433
432
474
325
603
275
948
957
317
652
443
502
56
171
707
298
505
882
642
627
448
878
700
424
451
681
951
341
59
225
377
389
303
288
86
312
83
17
189
1
53
813
378
788
422
297
392
76
782
895
435
418
158
262
310
711
199
786
541
299
591
718
637
847
460
809
635
458
773
119
269
587
349
210
248
804
497
927
296
38
10
587
916
181
173
815
596
94
604
835
919
176
462
953
152
672
112
108
269
492
393
473
412
576
20
502
799
184
264
901
204
420
536
776
398
729
416
774
964
144
480
707
353
592
170
534
281
975
989
834
125
823
816
792
474
315
601
961
425
374
717
307
181
301
858
24
606
45
208
208
295
977
580
398
663
749
224
339
679
771
169
9
863
883
0
30
270
811
143
820
175
898
952
142
113
553
309
828
258
43
480
642
209
859
850
25
273
420
319
789
436
964
518
416
151
803
377
563
668
125
590
839
45
390
24
478
530
812
773
932
440
665
12
179
805
763
490
982
805
147
718
790
494
664
328
846
666
638
362
184
858
673
420
810
580
752
539
377
200
914
289
722
590
255
404
925
572
169
462
918
905
117
51
189
398
719
978
755
983
339
886
705
550
824
537
96
700
977
117
815
358
462
403
890
475
284
720
994
227
317
93
156
634
348
286
363
754
796
389
233
452
100
149
416
265
530
384
742
243
976
107
610
457
878
287
574
747
628
911
355
64
988
485
493
12
429
586
654
590
496
950
118
604
622
808
429
929
5
162
463
956
419
348
434
928
718
174
721
911
783
11
93
978
754
833
578
533
682
825
902
674
466
561
390
491
801
87
356
448
768
252
601
790
635
110
84
934
767
910
453
768
445
881
229
708
873
777
581
517
1
403
2
133
614
191
55
401
995
560
183
377
45
601
263
166
915
204
517
926
409
592
73
986
862
999
435
430
174
952
295
691
865
590
894
560
168
265
88
331
324
836
852
850
548
715
740
121
910
34
833
262
396
493
641
492
152
777
421
649
697
727
389
326
638
799
964
505
316
752
421
270
204
516
440
899
482
435
239
248
461
592
418
174
54
942
696
868
930
94
154
831
564
943
545
438
155
972
277
238
83
321
168
388
673
731
769
602
264
551
960
686
365
938
47
787
504
151
44
743
537
634
935
990
619
645
195
828
955
801
707
977
91
849
428
238
207
599
154
83
903
979
592
952
356
691
884
101
754
583
691
108
187
535
991
241
522
24
789
762
950
317
614
964
282
833
879
8
35
955
609
283
568
776
924
399
727
718
144
434
383
902
684
967
473
407
396
445
779
12
884
655
29
475
506
924
606
510
761
959
810
754
388
345
696
392
46
4
651
875
728
276
308
546
316
762
843
238
428
516
885
369
760
102
829
219
338
354
884
257
28
238
919
192
147
704
327
851
444
560
832
78
136
406
746
464
858
924
605
999
766
786
248
374
986
466
358
613
388
689
746
509
70
149
436
917
313
805
359
883
448
156
664
847
426
444
493
283
103
706
217
863
644
20
203
654
387
248
88
172
946
754
977
475
837
65
745
93
276
51
858
923
605
537
466
716
517
482
15
451
107
267
167
175
571
232
816
781
919
567
571
597
817
461
761
518
829
469
66
436
860
847
340
982
825
644
792
833
467
278
933
436
268
932
643
945
575
95
645
348
728
718
931
461
858
818
962
747
630
470
576
368
751
206
926
187
419
829
482
227
112
969
795
960
307
491
583
171
811
932
114
215
5
288
776
182
763
919
363
377
413
531
392
130
187
848
370
676
51
874
336
202
92
916
980
564
699
422
33
730
541
736
282
744
943
893
489
495
290
853
992
424
339
960
824
911
926
114
553
390
454
260
67
906
477
127
722
595
910
225
104
708
904
37
616
764
802
782
469
713
743
652
540
817
364
466
994
7
217
398
625
515
7
236
592
960
509
605
863
321
410
318
642
670
260
861
738
154
103
898
422
347
835
503
414
242
686
908
156
398
771
354
3
611
264
672
716
544
828
237
589
773
860
612
386
471
873
177
530
412
269
561
709
164
259
147
499
587
186
670
679
600
593
507
337
818
421
854
15
137
994
548
782
428
479
352
40
135
354
314
23
869
549
107
742
502
604
634
415
545
296
133
128
533
227
677
699
123
631
891
233
998
533
70
673
95
999
657
947
474
270
231
777
570
418
852
834
445
91
39
495
21
729
707
140
51
427
604
688
386
228
718
248
316
692
309
70
496
957
779
722
508
817
877
395
788
678
788
377
189
419
996
894
393
912
877
911
459
112
208
913
351
162
668
467
926
597
300
847
366
302
212
876
703
673
213
561
130
254
902
491
134
915
478
770
247
253
140
528
249
897
225
536
334
632
183
528
932
954
717
563
938
192
883
782
849
373
374
505
572
36
834
755
999
571
444
417
518
965
201
145
957
661
328
334
652
69
324
840
687
316
529
599
885
575
267
580
597
33
169
269
130
899
560
761
679
787
77
74
771
664
994
644
632
526
175
586
315
535
503
508
468
433
71
738
296
680
197
708
650
958
284
77
315
939
849
653
101
744
800
667
520
653
595
642
372
46
48
701
766
275
499
801
565
2
422
692
647
319
10
918
458
870
543
945
154
953
626
541
158
541
697
468
285
370
218
328
854
923
872
753
991
219
97
109
753
906
22
338
274
966
678
634
631
77
537
259
28
521
237
980
114
332
519
156
728
218
532
52
832
854
679
496
524
784
737
382
746
52
701
862
592
858
454
227
457
412
150
962
324
82
267
346
517
407
13
167
25
514
109
701
69
626
94
687
377
238
401
264
155
581
982
704
617
576
497
26
390
976
601
184
311
246
233
692
10
215
367
243
590
208
8
123
816
360
838
594
592
156
598
274
838
98
982
234
688
609
347
519
524
409
570
644
659
299
436
465
576
593
238
353
927
351
974
309
239
655
530
73
508
592
810
239
265
951
425
571
370
910
355
443
284
446
125
651
362
425
858
980
388
752
935
685
375
352
728
346
38
961
451
383
524
510
442
903
478
174
355
859
190
951
309
780
233
749
561
240
644
418
92
881
332
444
110
500
280
949
709
653
857
665
944
578
619
423
48
449
592
616
372
173
705
274
24
699
505
57
858
105
794
830
786
680
150
471
402
93
41
490
623
128
892
843
184
852
996
598
283
385
7
892
628
37
533
386
287
705
413
973
541
642
94
195
650
516
238
232
179
765
166
344
366
540
72
756
943
512
612
491
759
90
489
386
390
822
397
792
844
528
341
918
441
659
55
257
77
416
580
615
64
363
171
181
957
42
609
569
835
616
528
720
512
378
744
539
345
86
712
633
973
776
691
631
702
557
561
329
869
936
42
668
262
659
157
786
808
307
269
12
978
961
517
183
648
283
501
978
715
351
248
371
136
698
871
717
173
561
306
884
684
715
880
748
580
832
959
615
299
208
577
162
844
791
566
200
640
10
378
216
482
139
85
234
442
65
226
235
588
95
137
390
171
779
231
706
155
810
973
628
422
620
72
897
937
468
943
336
166
216
338
199
589
763
523
106
9
690
184
625
254
147
687
743
395
474
489
512
244
576
142
612
724
263
471
887
215
538
368
146
618
460
120
269
424
300
460
57
25
274
448
38
502
786
648
242
107
316
379
850
837
74
915
838
208
840
494
630
757
72
725
262
924
819
724
396
525
813
723
854
394
390
289
478
360
163
963
516
357
565
51
142
13
301
679
351
342
586
643
484
415
913
850
606
443
111
197
516
609
543
854
944
956
811
753
983
557
761
533
852
51
137
875
258
702
610
971
694
151
209
122
600
558
478
91
779
899
563
866
541
85
865
926
36
268
564
841
445
810
68
196
545
778
952
657
19
786
19
367
555
780
336
874
231
710
323
48
629
818
906
450
550
749
581
389
657
102
563
430
694
438
798
392
603
969
493
967
951
376
219
270
522
394
306
477
495
117
310
383
63
214
380
965
740
447
666
652
170
258
283
548
25
616
97
652
522
684
507
461
456
840
120
503
567
205
332
482
715
462
674
747
270
285
141
371
865
58
87
359
813
330
540
855
512
651
157
121
850
162
310
696
230
990
998
500
621
923
194
390
237
545
842
497
576
534
909
145
914
481
336
861
155
110
417
644
862
816
221
123
739
470
212
979
457
115
993
120
795
776
870
346
610
137
817
906
991
896
736
358
805
457
135
920
979
24
774
439
148
176
489
828
334
956
448
618
257
408
541
145
130
40
178
816
417
355
285
819
907
124
403
953
189
911
471
151
489
26
392
689
942
773
782
654
65
248
212
393
595
318
908
319
581
63
837
90
670
480
329
784
28
672
62
802
60
479
662
515
159
819
118
379
595
686
513
86
896
459
371
672
250
169
507
791
20
658
514
286
147
688
978
7
595
586
793
909
78
487
255
860
159
135
38
321
706
525
57
475
531
404
67
367
632
29
968
176
435
983
465
807
549
613
144
0
888
140
247
384
437
923
521
760
944
972
204
162
882
56
737
989
210
142
694
507
439
937
131
488
394
24
295
944
757
450
892
106
524
856
181
667
142
67
935
53
267
575
615
686
706
331
300
25
531
921
773
117
306
338
317
211
768
665
978
76
975
281
745
58
773
303
479
836
663
593
635
211
608
204
743
698
15
87
337
593
403
871
177
609
171
747
264
232
99
193
690
76
14
110
290
933
503
310
809
758
388
641
968
265
604
955
11
825
933
164
446
58
440
961
192
489
344
745
572
361
173
587
219
506
480
229
689
404
333
782
144
608
278
498
282
210
978
701
833
631
334
592
520
270
386
109
996
558
400
822
889
789
708
356
608
83
886
797
807
558
36
150
238
33
328
850
490
611
705
467
967
625
431
762
862
920
63
316
372
356
52
972
861
100
45
933
228
893
781
936
815
792
950
45
856
926
815
177
977
684
638
534
281
555
858
336
845
462
603
786
441
100
293
227
962
343
4
791
941
273
136
794
819
720
234
606
696
914
870
493
15
151
581
760
270
260
166
394
86
664
996
794
177
289
178
518
315
833
920
228
507
763
32
765
656
769
263
696
388
795
267
709
40
825
875
984
316
605
930
652
778
343
427
731
338
306
563
49
731
718
300
552
759
122
435
791
829
296
526
376
785
639
434
450
115
947
395
666
53
10
42
246
109
904
668
66
326
669
303
680
145
950
747
62
456
732
682
425
268
836
196
459
329
515
357
857
942
852
425
723
571
299
2
506
224
864
540
467
659
975
918
547
129
182
871
958
130
981
8
262
179
875
245
666
135
994
574
191
104
629
204
714
736
412
335
234
695
130
936
772
558
565
749
110
337
916
669
931
571
993
933
607
724
207
114
409
493
240
476
869
714
217
219
96
187
110
933
405
34
499
320
190
230
612
125
437
46
348
581
103
320
570
233
585
879
233
330
3
468
268
214
35
626
385
386
814
46
728
323
504
910
454
369
896
58
547
472
958
57
131
497
855
262
415
565
963
552
844
219
149
873
378
143
289
925
744
439
477
342
768
788
540
2
11
263
583
745
139
770
649
961
942
678
176
126
843
85
793
386
90
39
84
466
507
223
755
367
7
988
479
173
89
24
898
21
729
831
332
342
94
64
245
294
775
698
351
554
384
635
232
330
332
161
74
475
93
539
670
320
391
207
42
332
999
584
185
868
363
103
777
264
434
584
293
261
853
393
799
61
133
902
159
270
546
508
98
755
387
362
512
867
342
854
700
262
504
872
402
585
736
279
518
749
787
277
937
492
405
450
666
234
357
656
395
332
99
778
292
255
172
461
149
285
352
907
295
689
223
7
451
958
219
856
965
875
261
814
282
211
738
170
456
215
700
703
741
622
518
344
412
113
86
715
349
662
987
559
508
720
301
619
564
694
546
503
255
252
935
644
158
83
237
498
460
578
124
915
123
345
375
919
467
98
143
440
563
230
262
597
610
933
171
353
9
683
634
4
392
949
760
279
84
710
553
197
841
693
128
567
858
205
149
387
617
698
988
921
618
710
351
778
221
413
908
562
726
163
160
187
683
558
761
933
138
146
479
504
817
750
226
451
367
301
255
108
412
939
279
550
619
872
231
82
754
813
457
241
771
19
603
735
898
314
921
175
971
106
465
685
749
1
89
158
329
783
941
984
238
449
969
100
706
523
180
616
934
172
367
160
829
836
661
725
433
876
873
504
239
25
277
91
951
498
353
778
725
965
292
957
118
273
197
46
41
334
666
713
214
909
902
843
66
627
544
372
254
567
942
212
180
667
967
211
10
160
292
506
367
369
939
524
481
629
736
681
861
782
222
796
958
340
655
381
432
939
861
719
574
641
835
515
52
545
123
503
97
630
40
183
523
918
665
407
509
467
861
450
942
757
639
285
570
202
935
160
10
877
624
538
93
831
235
218
352
391
382
302
844
292
284
712
831
418
625
688
880
146
387
589
21
24
849
163
466
700
154
706
793
398
495
800
648
616
154
965
466
275
873
607
52
301
436
456
247
415
828
714
49
66
398
413
536
635
728
763
86
408
260
267
628
79
465
353
129
233
840
644
849
403
89
559
21
948
368
275
142
591
884
207
585
977
472
659
970
364
919
566
712
307
172
739
759
951
307
64
76
918
156
288
999
746
92
885
842
866
122
242
7
790
569
886
556
32
365
126
927
783
771
323
55
360
28
537
230
819
972
872
738
435
420
962
143
982
179
721
43
180
694
775
774
816
469
303
32
17
740
855
421
419
366
864
830
844
541
872
716
254
305
604
640
231
177
385
780
48
487
892
857
929
361
354
96
906
738
956
71
391
590
367
647
528
707
606
931
166
986
819
998
371
460
666
810
53
12
791
29
391
323
770
399
243
435
658
812
997
700
663
273
802
79
328
133
946
531
519
537
718
638
601
303
815
599
808
144
809
418
256
454
849
549
161
754
327
681
17
325
749
217
409
634
471
673
108
40
437
10
212
830
398
657
340
505
290
413
653
169
285
611
134
59
215
993
500
566
455
168
47
633
302
564
237
59
573
195
846
588
924
17
581
966
837
419
876
713
19
32
463
184
177
19
14
646
963
962
732
832
465
46
448
319
70
856
842
205
232
293
628
959
159
456
962
253
252
266
202
975
658
54
162
728
951
304
129
994
718
998
186
315
498
20
370
225
174
417
820
400
501
579
679
398
784
63
475
258
859
935
744
305
655
196
563
388
489
521
265
10
73
238
289
591
301
73
144
719
57
734
34
498
747
455
625
945
129
161
574
101
886
160
229
283
247
397
371
551
585
185
370
378
887
96
99
38
227
708
971
606
918
210
368
261
971
437
762
623
163
533
937
841
669
866
766
30
982
348
429
274
790
385
641
384
19
161
878
449
212
660
751
460
416
970
259
144
575
648
88
908
747
161
188
867
634
817
401
965
720
821
495
685
585
314
621
277
2
10
408
172
627
67
843
682
953
263
299
398
757
81
113
858
995
324
710
552
126
11
372
480
39
562
12
491
51
974
864
686
807
573
475
601
602
323
723
991
534
459
456
318
128
696
623
141
562
216
868
267
958
636
852
551
544
497
405
834
686
468
586
145
5
652
637
94
749
386
552
359
723
226
364
502
428
493
616
57
807
73
969
130
180
798
441
990
55
178
86
741
431
319
676
35
164
438
83
439
419
859
576
295
246
182
126
708
446
94
505
776
64
653
425
24
771
258
798
377
215
22
515
950
647
14
478
831
506
798
185
166
372
455
512
767
73
477
187
217
24
118
503
409
353
408
950
804
813
100
88
301
661
530
144
938
302
484
125
698
643
114
989
230
94
931
759
965
920
431
174
17
55
436
858
164
738
875
291
478
696
86
604
268
699
379
972
367
485
773
276
85
918
604
797
677
634
910
71
435
776
839
37
9
140
510
704
401
712
824
871
48
672
317
564
237
953
243
589
852
593
599
69
644
429
88
602
887
566
308
926
510
430
915
203
172
181
788
539
193
806
109
927
417
616
154
116
112
508
528
652
661
73
131
509
100
119
345
942
46
526
553
601
485
645
503
519
562
241
22
88
471
871
963
47
291
436
54
631
588
553
837
911
520
590
706
451
755
923
553
469
459
29
873
41
708
353
339
602
964
759
612
52
784
473
425
220
891
642
512
591
486
35
496
21
846
567
402
252
577
978
636
331
504
802
431
239
285
384
100
245
334
35
338
854
833
423
50
326
575
482
954
506
831
96
251
641
871
215
340
430
909
664
153
524
77
279
670
514
331
47
912
871
472
935
153
501
648
834
439
261
456
236
228
465
651
601
783
270
353
878
390
55
853
471
980
388
741
398
549
770
397
504
179
73
655
741
864
485
108
956
714
284
671
441
594
563
20
391
651
24
404
795
643
826
687
488
675
235
251
911
178
829
780
608
638
105
36
431
534
595
576
481
720
93
242
63
338
704
314
985
827
855
499
973
988
382
684
646
916
896
981
279
384
168
363
678
590
595
472
725
703
170
607
162
929
487
61
542
901
705
273
921
884
61
720
358
704
941
893
486
327
209
750
925
284
377
372
357
897
882
216
588
658
138
42
894
254
877
484
81
476
806
56
284
11
462
611
709
581
101
287
686
373
53
841
479
710
657
10
705
4
276
233
31
895
293
693
117
358
493
508
808
501
488
490
640
397
980
134
281
740
814
618
303
68
553
72
531
998
991
313
503
650
368
313
222
108
775
609
385
54
183
968
221
617
487
997
167
641
16
86
22
441
250
297
361
734
365
897
866
432
672
912
37
286
560
374
299
589
601
198
554
908
776
534
790
783
534
334
33
66
522
134
680
118
330
852
585
989
562
943
962
715
108
857
640
583
26
349
422
183
18
664
141
911
857
783
970
870
233
150
910
688
887
89
100
597
972
827
432
573
965
757
757
353
947
54
731
115
663
838
590
35
51
387
424
941
195
156
568
656
393
550
256
229
537
731
375
514
695
517
986
509
642
76
583
842
645
642
67
412
227
511
206
749
149
98
771
544
161
788
924
21
535
5
93
541
359
602
591
60
80
167
735
386
469
483
231
563
689
226
383
848
699
628
841
457
251
379
245
782
664
25
863
720
398
515
410
741
162
684
396
56
301
202
369
322
349
301
549
183
638
536
772
150
943
431
261
973
840
440
624
508
300
352
214
431
493
684
404
493
759
421
787
245
436
21
913
945
566
389
307
743
262
885
853
802
631
519
244
846
196
280
49
910
566
93
261
384
994
932
279
81
527
500
282
393
601
51
566
978
952
771
273
477
546
242
295
289
81
983
506
867
208
342
511
174
428
123
453
449
914
413
135
706
496
328
828
952
433
576
986
676
918
848
636
705
16
189
25
72
588
169
80
437
748
881
901
350
828
825
98
803
821
370
396
115
918
281
146
634
79
599
313
327
533
964
624
325
281
964
385
30
791
822
725
410
154
667
804
131
141
647
995
472
776
962
535
350
217
134
728
905
939
959
455
91
277
995
814
293
351
304
546
33
555
466
910
160
971
943
33
648
720
262
260
526
139
468
402
781
588
806
921
54
186
484
972
356
205
38
50
524
36
690
424
549
99
278
229
219
52
523
726
51
134
613
336
61
395
828
348
781
334
51
945
273
751
428
749
524
733
85
685
316
295
869
948
264
91
281
179
174
940
567
567
87
222
421
124
974
347
586
737
924
423
912
705
701
997
321
592
996
648
641
827
368
849
176
403
675
475
236
652
148
22
366
91
983
256
980
24
400
475
278
598
67
971
404
770
608
344
197
555
728
250
517
487
637
629
515
176
282
624
655
928
123
798
562
2
499
752
278
809
806
347
130
82
807
482
329
800
718
960
220
985
631
292
299
253
192
390
860
89
371
554
683
852
424
435
726
16
441
16
478
148
526
554
718
719
57
139
516
262
235
833
444
128
852
879
384
114
324
483
703
261
636
216
396
428
236
657
174
294
457
913
297
878
341
185
556
55
110
510
624
250
165
906
610
9
956
655
432
119
870
334
512
394
469
606
311
63
938
489
187
295
533
220
937
953
793
29
824
10
184
743
110
551
558
929
848
940
195
956
813
149
644
187
543
163
134
621
421
688
536
312
35
189
748
744
806
675
121
154
591
619
162
373
284
343
61
25
970
94
372
805
904
484
117
198
569
119
865
112
267
56
753
401
158
448
842
96
510
707
978
147
818
1
554
112
870
68
1
177
201
952
756
57
297
718
733
453
368
132
200
842
411
246
5
545
181
478
414
38
291
318
230
159
839
729
120
695
843
588
396
99
56
788
555
329
184
963
818
69
113
953
618
451
274
388
641
407
639
987
671
478
739
951
456
144
45
720
412
868
254
56
714
302
356
324
680
588
400
120
780
282
504
994
422
63
861
321
560
318
757
982
220
368
402
870
228
132
853
365
828
584
62
242
392
122
467
233
775
740
860
130
692
951
276
36
578
205
318
310
902
521
726
980
598
559
433
978
134
463
705
364
980
441
106
3
287
367
260
860
536
433
881
674
173
36
419
191
725
99
752
786
483
522
879
706
484
754
480
803
612
680
468
140
607
263
489
992
981
410
902
723
38
872
74
27
105
103
739
194
408
589
899
135
408
727
627
531
411
172
702
773
399
865
647
545
587
620
442
745
641
805
332
706
89
958
224
815
234
924
400
887
83
68
228
751
308
307
777
707
704
905
828
408
769
308
917
261
289
960
837
217
843
978
198
354
504
522
590
130
447
743
164
614
547
762
922
497
639
79
869
774
675
780
368
973
474
312
509
815
874
384
378
125
376
261
909
353
71
419
658
704
9
345
279
759
993
784
485
804
921
643
33
600
456
589
13
357
814
28
139
805
693
924
413
468
681
412
727
318
730
938
550
371
967
400
397
327
461
631
37
463
277
309
28
200
884
380
798
196
316
731
515
492
260
710
620
116
241
254
931
303
443
451
763
955
567
553
865
26
496
802
451
863
621
773
660
793
529
282
161
125
107
302
468
619
271
294
417
142
891
709
47
8
693
435
916
838
625
576
645
536
960
439
886
165
429
92
327
526
263
56
191
185
697
288
615
799
232
64
256
786
200
938
766
200
997
501
143
113
615
849
791
664
557
28
338
356
89
409
286
816
56
917
134
874
943
4
124
632
110
484
101
474
85
148
535
625
10
321
902
0
26
264
689
937
288
60
206
663
54
144
284
502
831
939
616
288
289
667
353
641
461
388
985
357
935
102
954
850
921
401
923
369
600
156
750
134
468
951
113
85
316
375
517
23
85
238
979
355
92
403
713
228
617
543
360
60
717
596
246
819
446
863
495
905
213
75
174
711
885
735
390
875
630
815
523
446
15
88
174
184
299
186
911
955
954
769
799
555
771
144
574
52
641
420
72
543
682
854
24
956
981
108
379
943
297
908
212
586
935
594
387
42
477
201
21
713
778
787
181
335
353
784
868
129
84
381
961
247
116
413
907
931
550
126
744
967
88
211
81
462
382
934
423
512
692
957
583
30
619
300
388
149
545
117
910
301
86
529
796
539
408
294
122
977
2
305
966
749
35
671
353
826
667
900
814
326
161
600
296
825
21
981
850
556
125
24
294
664
383
98
402
5
940
927
260
573
846
368
388
74
445
183
61
381
115
278
641
465
373
406
207
902
356
497
855
889
909
799
280
413
935
629
976
835
931
365
525
135
892
394
526
950
762
329
45
37
357
840
231
324
173
924
874
302
271
560
67
70
715
80
366
467
403
429
258
515
603
262
742
134
79
282
331
954
859
405
403
773
103
413
863
89
679
477
22
277
604
665
322
201
693
840
783
366
926
688
801
551
555
633
390
687
657
598
848
621
274
759
400
424
450
742
435
53
779
902
314
597
663
501
28
375
368
44
664
169
864
372
894
477
82
910
365
32
824
78
860
282
496
228
10
638
390
184
80
508
758
753
496
343
809
703
772
261
271
586
291
49
262
396
736
672
853
776
813
755
383
453
607
116
24
671
241
425
307
392
152
14
939
318
640
497
829
118
826
621
874
563
844
6
894
466
943
332
306
280
790
142
736
896
352
648
36
961
207
539
205
635
583
827
159
78
939
130
334
138
581
106
296
553
892
392
781
256
743
375
435
677
679
998
925
170
552
375
532
837
166
718
601
595
353
178
805
962
690
401
60
497
376
169
819
961
223
666
79
521
897
508
528
48
421
2
39
968
462
512
40
357
192
783
370
208
856
802
354
90
379
555
734
0
630
919
89
70
321
398
570
81
194
797
446
821
267
716
630
622
198
721
773
228
768
319
9
439
882
520
45
41
456
298
201
789
474
652
532
923
512
597
191
84
588
514
327
972
558
106
376
230
109
627
362
200
56
477
493
216
415
570
775
461
238
296
974
464
852
292
888
731
212
544
741
596
137
911
973
422
85
257
189
886
28
794
767
435
20
684
55
270
671
677
267
702
128
666
929
959
778
2
905
913
170
710
395
218
490
292
241
365
412
282
335
464
966
254
452
728
365
307
624
26
736
834
497
461
568
200
541
717
880
986
898
791
354
778
370
502
38
718
627
116
957
108
64
218
870
979
245
158
178
333
459
413
228
665
351
597
194
825
452
441
548
603
48
509
591
911
252
731
806
486
125
158
35
791
587
972
702
579
945
180
370
661
249
847
519
758
484
726
326
732
643
538
161
528
563
601
380
457
340
999
275
305
603
676
309
752
5
814
310
63
679
929
478
732
900
589
164
682
279
358
601
704
859
726
355
117
889
766
967
817
178
787
7
264
511
526
149
72
116
741
509
562
351
262
292
569
939
82
661
61
23
706
506
339
403
337
332
539
761
403
71
356
585
442
105
931
523
556
229
807
733
989
302
314
27
475
521
419
238
447
129
225
221
875
807
567
178
72
353
346
156
251
19
951
0
855
752
984
506
879
695
492
491
159
273
116
554
132
935
6
847
624
592
963
544
829
330
431
825
650
712
460
677
349
933
713
474
806
384
556
617
944
455
814
194
569
186
101
116
471
909
470
541
211
944
158
963
227
829
423
581
494
800
634
910
56
428
757
971
931
785
889
773
75
481
267
412
250
456
460
813
973
542
19
53
932
336
187
219
494
640
770
146
333
196
335
824
446
761
569
576
530
177
512
432
414
410
670
402
659
259
377
914
3
802
401
759
159
505
109
231
580
261
84
108
518
539
873
824
723
554
661
153
105
858
634
144
435
895
702
595
424
696
317
81
404
499
481
601
719
328
474
297
894
592
983
8
144
540
760
893
450
804
611
750
2
404
800
194
109
384
64
90
187
298
511
15
869
540
192
123
151
696
661
764
138
936
865
991
215
474
742
517
900
118
782
211
816
515
781
636
334
681
189
72
647
542
890
234
174
868
921
239
538
699
243
697
248
573
633
449
478
584
676
124
862
978
824
665
723
499
515
259
711
551
438
265
367
602
425
341
514
641
832
675
383
151
214
422
338
790
977
288
803
993
295
809
511
606
604
202
768
77
787
493
154
764
996
891
972
921
769
189
763
449
588
45
355
315
326
49
309
226
685
67
676
540
728
560
692
122
292
873
712
979
76
618
259
297
731
170
316
44
851
528
53
101
231
731
802
983
879
267
908
217
833
58
766
422
175
586
353
420
470
371
528
191
818
9
646
287
580
351
109
221
725
275
598
679
76
148
298
104
103
570
557
184
392
441
708
21
341
454
262
800
247
133
297
677
809
559
994
3
113
967
262
424
607
928
608
172
917
255
729
65
145
673
220
88
895
932
890
245
629
72
916
885
619
642
853
216
764
701
714
669
178
128
188
767
639
68
92
398
566
454
841
453
799
870
965
876
183
298
646
369
911
853
732
443
278
48
280
537
288
75
189
990
517
262
632
264
187
275
421
842
48
790
189
576
478
964
239
741
768
790
30
213
187
435
163
914
554
215
185
137
23
659
884
749
682
124
68
404
907
283
854
849
396
94
669
267
557
129
540
900
785
271
531
635
544
60
653
430
181
830
20
701
833
699
730
559
35
718
459
909
435
957
354
916
946
616
595
428
16
773
478
822
572
232
274
80
194
56
181
600
189
635
232
935
423
84
603
562
81
794
205
361
643
76
807
730
164
729
671
186
706
961
420
614
670
258
232
264
759
184
422
928
601
549
897
464
827
42
52
39
361
558
47
493
253
767
791
597
131
361
297
45
810
401
587
924
186
901
291
636
920
667
962
200
132
128
722
90
788
703
184
299
509
740
207
233
549
496
156
387
116
886
289
27
119
599
98
353
581
366
939
653
721
329
309
988
431
324
533
169
783
810
3
258
37
482
443
891
640
72
255
193
549
227
467
941
655
143
398
493
740
994
782
171
677
531
942
62
89
642
136
240
466
791
129
106
668
621
392
32
292
323
950
836
72
296
978
887
503
881
412
920
143
481
417
612
660
495
299
311
101
709
571
254
213
130
40
777
639
885
613
756
717
382
921
506
555
517
701
196
797
671
246
130
777
358
399
451
690
336
265
258
576
153
208
135
853
590
229
405
806
746
749
715
449
723
449
31
801
695
936
597
563
158
422
841
694
474
562
475
334
17
5
691
860
419
925
238
82
621
530
335
293
492
841
458
857
859
285
964
159
798
295
113
888
858
311
39
172
824
871
582
289
134
498
951
92
780
119
421
393
899
933
261
83
698
753
500
438
776
890
764
806
193
464
118
369
287
963
424
637
299
450
492
712
944
321
983
802
130
716
805
573
878
925
445
664
913
985
882
759
39
350
265
359
31
804
637
151
773
408
422
167
108
311
304
554
606
440
134
760
989
650
808
410
835
759
74
956
829
784
383
854
291
562
876
591
763
271
906
851
735
268
523
765
767
608
153
570
6
384
467
777
857
567
882
454
957
376
893
58
483
337
13
280
770
531
397
847
19
192
558
695
13
953
131
311
563
655
115
858
928
775
59
955
902
668
957
761
410
331
51
139
444
890
982
864
720
589
615
718
862
326
935
641
290
595
941
908
545
234
607
406
697
583
406
498
561
837
930
557
129
731
591
629
926
521
177
463
359
277
743
717
80
836
565
242
82
246
742
247
261
981
92
715
906
603
235
921
326
998
642
481
712
235
517
225
925
119
773
356
690
713
999
53
195
768
28
134
837
374
779
277
176
592
512
420
309
565
847
334
876
906
346
866
899
362
254
827
23
263
949
150
383
382
276
166
523
563
825
622
811
982
27
627
191
782
458
98
383
222
737
706
235
464
147
741
571
173
867
259
724
751
958
180
458
695
256
62
917
260
578
739
683
243
311
702
878
916
566
281
589
4
164
250
989
74
486
73
343
100
528
551
220
698
206
579
763
286
755
19
381
760
79
294
493
874
537
91
116
342
499
876
872
657
574
732
566
794
589
538
528
887
79
483
666
638
507
148
662
562
333
149
258
152
709
909
402
397
639
309
338
499
35
103
409
543
925
352
521
224
157
546
131
522
560
15
790
207
859
448
312
502
424
266
448
911
63
186
219
678
724
84
358
471
485
576
483
757
834
496
921
282
181
524
72
517
875
870
831
953
901
763
114
450
700
109
480
852
638
974
255
59
756
1
585
870
121
899
430
678
519
509
273
381
545
835
611
913
468
431
645
762
930
805
472
353
107
989
759
999
710
886
581
960
995
677
41
164
407
75
437
199
644
710
353
851
415
986
36
741
163
907
582
299
127
345
521
264
84
941
929
242
553
782
895
651
394
121
704
959
554
234
95
228
249
574
237
66
375
286
282
822
174
181
304
645
657
710
100
519
37
12
352
377
340
60
352
547
368
87
307
666
164
894
192
478
510
401
988
547
599
712
176
950
862
726
244
478
26
576
634
191
747
266
502
127
189
512
922
378
708
246
718
123
230
33
926
324
319
257
897
308
106
897
673
420
580
462
626
105
668
908
908
216
726
962
139
484
261
305
297
698
668
858
197
699
684
574
997
277
125
713
544
178
960
248
888
755
248
463
575
178
847
807
978
718
561
233
652
771
608
508
94
956
860
432
197
562
248
343
457
878
664
469
264
986
343
105
669
656
615
892
19
541
624
996
698
330
191
546
728
595
87
136
544
652
839
439
312
602
161
824
768
583
770
675
992
58
47
448
957
427
697
14
439
814
888
282
460
472
251
836
120
128
510
904
48
43
325
34
934
584
968
227
844
109
697
897
416
959
520
693
627
567
605
53
420
633
283
193
297
330
408
423
386
868
848
146
686
252
760
521
8
45
227
306
902
189
844
778
215
82
973
355
765
29
858
251
983
80
44
826
74
464
912
472
994
805
909
101
122
976
288
893
695
138
271
597
75
406
143
157
547
831
218
619
604
652
597
10
512
498
97
506
106
938
274
214
973
337
900
433
87
493
945
250
105
15
340
9
767
121
714
74
977
897
151
479
813
861
644
294
425
541
756
589
354
29
389
127
643
279
954
842
68
186
471
486
956
953
309
279
214
152
5
986
738
443
741
204
63
355
822
893
36
932
791
628
793
775
499
756
41
891
720
120
862
680
391
319
587
697
81
126
675
376
537
930
478
428
158
306
839
368
425
610
84
209
832
260
208
185
273
411
287
4
834
867
971
802
701
713
686
526
138
584
265
765
626
186
296
484
342
943
905
140
191
152
37
817
304
822
778
680
828
278
980
67
353
163
715
781
37
308
623
51
782
431
910
314
546
382
926
735
206
3
635
728
431
626
783
654
137
55
782
897
863
982
827
864
937
71
475
787
152
673
287
307
349
684
633
932
489
359
755
842
455
495
645
649
797
654
636
764
840
910
493
96
170
851
137
264
59
454
333
618
590
165
847
982
448
567
18
114
849
918
738
60
208
889
734
808
112
408
962
932
702
546
277
739
630
571
861
788
402
923
349
83
221
478
482
708
992
653
967
763
383
317
849
481
577
589
67
638
432
331
282
221
242
262
242
329
6
299
226
110
290
64
344
238
53
409
703
127
232
804
816
997
957
193
936
388
687
871
588
518
905
938
144
732
839
437
554
187
338
165
221
457
131
226
279
387
425
660
948
433
584
649
210
142
837
750
613
24
814
685
419
715
834
803
700
787
603
70
348
93
334
461
30
524
18
156
69
508
844
767
334
651
723
875
790
234
546
335
340
793
876
35
647
426
950
315
741
588
626
677
848
220
768
160
78
865
46
57
255
742
480
252
932
684
462
321
55
298
906
33
31
969
888
145
919
227
885
252
982
963
325
752
79
237
520
411
252
436
63
11
731
64
742
757
618
829
884
29
240
206
736
546
542
953
937
337
492
322
226
409
592
273
294
5
737
423
339
707
171
344
775
715
127
108
751
548
578
257
87
885
912
743
462
330
645
104
929
454
682
139
682
571
743
947
675
718
723
613
994
749
139
471
386
395
977
410
262
517
862
745
661
895
414
364
505
139
496
104
615
674
786
938
279
484
313
703
939
707
675
469
673
499
218
549
913
353
751
957
600
510
353
642
731
809
302
137
39
887
108
491
777
641
331
721
65
127
72
478
567
276
708
647
67
455
295
751
9
887
809
357
28
886
204
534
305
804
529
959
405
933
876
709
542
396
297
573
170
921
89
978
318
538
939
371
508
127
371
779
960
871
780
956
410
75
37
878
808
798
127
460
502
383
108
381
729
577
344
722
885
680
260
861
428
604
247
699
520
483
924
275
853
749
59
942
299
836
466
325
385
3
20
721
438
547
526
914
616
968
851
238
564
353
899
481
174
220
900
154
385
966
918
862
813
638
106
194
86
357
851
758
212
897
567
946
990
43
112
219
786
235
668
714
636
806
399
482
787
14
45
112
79
702
119
930
9
144
463
677
196
655
190
484
753
543
60
895
250
385
86
81
261
606
318
436
87
284
637
383
649
989
925
76
841
992
535
246
731
277
307
358
17
158
548
783
533
228
631
310
184
266
177
994
516
351
847
49
688
531
407
348
728
100
284
85
587
476
545
175
127
859
152
277
384
636
969
664
818
650
495
594
804
340
220
834
414
513
252
416
742
612
278
281
652
327
245
958
722
503
217
701
756
463
974
797
755
515
81
461
369
606
999
37
271
477
534
366
135
284
815
722
167
246
996
963
946
839
210
957
420
257
308
216
913
40
217
683
639
79
884
926
285
201
245
143
913
762
433
357
801
802
687
126
155
995
62
853
389
49
79
616
821
372
317
425
875
531
816
695
211
287
460
709
852
812
67
969
261
79
93
874
660
446
226
619
987
76
79
417
876
827
554
885
868
781
649
310
185
244
409
735
524
883
989
233
963
493
610
34
755
368
145
449
295
847
239
199
318
172
32
377
977
221
949
669
501
354
345
865
192
885
466
404
464
831
459
40
205
614
471
892
780
610
614
769
337
274
186
92
561
936
123
621
15
834
714
782
994
470
215
347
353
156
430
549
245
30
113
777
190
878
574
884
319
533
217
361
616
176
873
698
99
906
831
926
709
636
13
482
940
107
303
216
581
535
487
9
854
91
484
927
783
784
307
478
707
985
621
113
158
550
677
944
603
397
311
288
914
795
314
561
160
212
643
790
497
948
898
154
804
743
390
800
134
303
2
114
679
450
906
770
106
700
718
573
680
882
979
352
582
307
333
745
989
60
819
314
140
398
75
669
638
862
519
946
192
317
845
230
909
361
12
394
570
307
474
989
917
432
415
83
808
833
77
966
307
911
680
983
419
813
32
655
279
149
279
52
988
584
939
97
399
351
859
173
509
232
400
407
744
409
481
598
32
43
87
859
648
10
187
73
261
702
314
531
172
171
615
7
228
803
18
610
58
943
675
114
812
431
428
563
552
614
734
503
616
35
477
796
373
247
174
378
496
618
525
63
520
663
806
915
975
696
475
748
544
550
119
253
983
267
925
121
163
668
101
593
55
722
531
479
616
225
285
174
193
357
439
470
182
903
264
28
926
919
60
862
923
463
767
373
739
971
859
158
289
967
564
451
770
503
353
503
629
816
514
60
248
543
438
912
332
85
985
282
281
646
100
332
853
232
227
441
655
130
817
481
505
771
209
790
135
60
136
637
982
137
843
97
768
328
456
30
641
877
766
684
852
351
825
158
663
842
716
263
500
904
832
140
96
793
695
220
86
574
917
876
666
28
81
48
259
137
597
714
436
386
212
147
136
355
28
962
889
399
326
984
466
23
364
958
578
893
537
427
932
24
210
232
35
8
135
448
707
367
555
125
314
741
994
763
400
474
631
891
7
133
819
145
478
602
438
245
136
403
684
735
356
389
558
412
482
397
867
40
722
524
931
370
572
478
170
946
45
514
39
902
653
457
54
47
784
720
984
242
990
49
237
579
137
234
810
383
271
278
701
664
64
529
698
152
341
339
605
881
974
793
498
358
586
424
257
564
831
809
471
893
906
7
442
94
690
9
242
507
733
216
26
220
372
808
613
566
559
948
563
246
974
658
726
372
274
96
926
666
669
753
664
369
13
9
781
705
394
429
312
210
916
611
572
988
625
71
527
623
249
400
377
518
993
291
161
7
345
653
6
297
485
91
972
172
416
317
868
804
785
512
882
902
249
562
960
659
241
353
159
886
199
392
228
120
139
448
619
60
291
346
72
940
783
250
81
389
502
30
475
78
113
342
64
941
465
336
603
224
948
289
639
420
711
153
818
579
460
177
917
707
889
245
265
684
780
602
771
344
315
567
963
113
710
550
175
207
828
769
666
691
951
898
849
958
750
39
1
813
25
967
674
767
496
277
931
775
419
423
177
599
864
971
180
850
65
120
871
942
143
680
813
309
617
522
934
804
342
651
992
363
921
62
376
249
292
722
141
284
913
214
351
895
788
129
892
341
457
318
277
121
636
554
103
49
911
664
995
645
655
484
819
75
296
139
541
826
170
903
358
459
54
185
521
44
234
523
179
668
357
699
963
214
949
461
27
362
342
300
287
967
880
154
115
436
395
253
590
499
261
646
189
827
579
130
272
623
675
541
655
629
503
966
755
123
823
565
726
889
438
518
177
788
545
742
201
958
151
42
104
299
9
615
88
48
974
535
788
844
665
354
922
768
134
794
956
849
275
3
733
184
778
92
457
199
657
397
3
954
620
128
694
500
502
358
327
837
388
974
535
289
226
672
411
302
839
742
653
109
433
714
962
372
571
444
919
630
745
979
128
159
594
378
855
836
287
630
332
338
933
820
291
906
703
316
377
589
919
383
54
277
976
190
432
306
804
163
153
595
43
883
342
685
181
789
469
109
330
373
714
506
194
961
889
514
272
599
19
141
214
144
312
429
354
249
95
124
781
503
516
780
116
290
514
585
399
463
752
425
667
892
759
80
658
240
216
947
334
158
340
644
105
344
867
916
60
219
940
254
361
545
291
122
596
667
887
30
129
991
855
807
337
697
7
667
145
755
399
231
30
384
946
340
267
951
684
352
899
571
649
103
402
136
174
774
943
203
351
99
789
716
692
748
693
403
30
843
799
702
846
697
79
192
126
119
854
367
114
570
651
455
918
630
87
537
151
799
548
277
943
854
809
709
389
647
912
609
209
607
572
661
529
476
874
688
926
642
113
821
567
679
596
812
105
390
863
621
728
465
975
320
663
660
480
231
412
420
651
453
714
423
600
969
314
588
85
751
518
46
287
203
49
573
152
537
7
197
301
292
164
288
62
43
702
521
702
597
557
780
942
105
901
275
551
665
871
563
605
761
61
10
560
790
981
703
728
877
407
773
442
256
318
347
704
464
395
170
502
481
390
200
480
38
155
141
785
382
836
948
144
795
701
42
620
913
810
407
893
248
120
779
567
607
350
693
773
814
62
750
801
712
389
473
526
411
945
347
709
808
700
149
956
208
914
480
474
389
913
32
764
969
494
111
432
434
933
574
863
199
526
410
538
148
4
614
311
528
20
691
684
295
851
97
826
13
507
176
551
217
16
389
819
245
118
896
707
59
40
641
99
657
892
783
641
298
271
530
582
62
141
282
50
935
449
98
986
616
759
179
501
162
659
450
594
791
171
952
798
806
626
199
390
56
790
613
443
299
952
714
259
384
788
488
998
733
219
901
562
134
798
604
72
985
856
805
46
216
660
545
942
320
17
210
905
455
623
720
969
873
130
144
787
578
658
298
384
7
646
440
449
777
952
422
437
329
527
433
128
50
780
841
161
965
137
437
570
446
594
134
251
727
353
87
735
588
143
738
200
91
870
671
700
799
618
298
247
835
359
969
509
505
532
467
100
833
471
112
362
388
917
865
263
521
989
453
73
67
525
108
10
616
543
141
83
422
764
229
182
97
954
502
680
960
144
746
590
366
114
138
126
685
538
29
767
862
540
407
99
114
848
836
637
723
85
872
669
940
791
917
909
878
790
814
187
429
524
650
457
989
733
256
445
885
121
282
733
377
363
869
12
321
715
766
290
405
72
621
860
386
634
305
188
617
75
370
350
552
194
739
984
10
107
803
942
499
226
82
754
588
546
643
973
217
679
738
808
377
309
82
855
431
485
901
503
358
983
83
928
357
105
176
194
938
404
295
173
728
478
841
952
280
582
538
537
384
986
639
3
453
769
699
716
929
429
626
682
282
299
369
547
34
253
952
884
818
992
88
171
197
532
563
24
790
957
234
315
279
82
667
850
345
338
309
624
365
575
98
463
147
894
386
558
861
14
879
459
562
924
494
17
11
513
110
489
190
676
269
403
365
260
12
597
94
864
351
215
23
192
56
517
636
13
828
733
581
918
471
782
256
34
242
394
187
328
709
69
850
995
90
482
886
525
802
156
170
308
209
554
27
337
162
324
36
559
815
924
834
450
261
783
754
409
633
180
341
393
890
991
763
610
948
349
867
867
304
923
113
738
388
731
801
897
344
918
51
524
923
59
74
612
426
472
390
402
614
35
604
821
530
507
263
454
911
712
846
624
771
665
520
906
329
618
598
594
444
667
881
203
699
101
329
204
259
418
542
349
606
99
462
806
82
705
79
467
544
619
152
732
286
742
365
743
367
900
741
949
887
640
949
776
109
274
644
176
172
583
41
317
557
618
488
436
623
941
309
424
815
329
497
916
966
458
563
658
869
858
636
977
906
492
394
376
888
349
928
455
476
703
14
344
886
953
742
11
128
205
871
920
299
313
483
715
374
776
123
17
439
674
187
639
952
927
10
734
225
873
995
805
821
293
916
821
248
511
527
832
410
326
932
641
442
444
242
381
438
143
161
406
637
437
582
873
272
822
90
421
138
871
605
907
78
328
167
816
365
868
526
459
579
74
931
558
403
878
185
131
120
824
262
395
919
94
145
408
982
348
498
618
849
333
387
215
548
718
286
611
86
630
909
152
749
775
669
110
675
331
587
910
551
722
204
421
901
821
90
28
455
39
177
290
10
193
321
546
890
889
993
49
698
476
34
390
786
69
777
169
377
9
652
531
603
600
400
938
572
63
8
606
737
282
301
662
26
868
713
715
353
875
73
78
165
415
530
840
6
115
651
905
16
453
938
343
114
770
218
334
988
726
353
624
399
131
917
168
130
571
715
695
779
532
939
340
422
200
978
553
644
749
714
427
760
729
347
535
204
808
811
117
575
864
672
485
713
234
277
527
428
330
528
834
623
935
288
466
594
995
826
514
433
796
30
619
337
356
410
911
520
696
777
260
604
215
828
355
199
738
759
486
982
364
196
438
993
755
920
528
318
48
884
80
150
752
198
363
981
803
743
700
758
463
302
764
329
887
181
814
12
222
620
948
283
262
455
277
891
948
766
593
425
755
521
968
196
466
428
49
49
692
626
248
889
892
407
649
512
798
375
55
686
345
902
246
881
371
390
173
162
911
544
699
663
153
747
275
306
162
504
150
658
61
890
306
398
343
491
299
666
84
935
970
456
368
365
422
938
258
538
55
39
779
815
819
690
513
733
438
209
608
776
153
832
266
103
631
818
718
299
661
416
632
627
518
671
116
341
921
715
301
51
508
598
955
750
918
244
308
957
306
891
689
809
391
250
539
88
696
420
549
993
107
161
910
851
13
696
735
451
183
339
133
297
438
420
959
24
572
985
499
153
282
738
342
95
371
365
928
792
0
386
692
799
827
453
427
892
155
45
377
532
112
563
131
424
782
696
976
869
546
641
941
63
314
746
449
919
975
666
965
234
841
208
331
430
821
144
661
740
779
238
989
124
731
65
433
812
575
531
408
998
129
851
739
557
723
982
101
726
991
149
449
846
458
346
855
56
743
612
300
711
933
19
140
88
415
760
480
598
182
915
823
929
365
390
35
720
235
158
783
610
451
709
486
686
560
194
950
25
117
839
631
919
676
845
428
243
342
57
572
99
972
113
232
457
243
921
999
831
282
69
397
117
442
565
274
232
368
246
390
570
480
596
190
697
795
354
826
859
209
679
804
765
986
546
89
950
275
43
803
510
911
390
649
963
401
638
716
601
957
871
982
34
297
205
829
353
847
165
953
248
187
179
720
607
879
540
63
933
615
734
17
720
546
477
447
513
167
615
91
217
139
790
246
358
542
990
865
703
896
177
703
179
470
940
411
415
952
966
254
450
278
807
300
867
347
720
745
60
113
692
273
15
518
916
81
938
103
814
2
273
592
579
983
799
168
210
889
82
627
913
438
44
468
889
727
710
784
698
163
836
679
663
832
26
567
844
494
137
332
288
438
384
581
398
399
802
316
537
652
629
329
606
464
963
741
935
441
607
653
446
555
701
148
854
717
520
701
964
278
513
296
680
39
670
746
310
589
971
187
342
2
334
23
771
285
501
298
497
761
141
763
911
456
156
385
739
514
78
36
516
29
940
604
417
475
380
824
782
861
313
679
312
450
285
808
161
493
681
13
807
33
540
946
388
980
12
110
515
825
771
844
849
106
203
448
12
297
976
555
947
178
961
470
69
502
270
946
483
356
836
681
554
844
893
387
415
14
389
968
908
764
272
72
477
1
166
701
676
931
258
895
132
285
172
521
192
701
535
346
707
71
777
905
755
744
483
677
412
990
394
915
431
394
175
905
269
676
768
161
949
93
575
66
996
78
765
777
44
584
560
845
945
907
359
913
59
472
105
105
179
604
631
326
255
966
885
478
483
767
585
565
116
594
492
140
725
795
76
400
457
997
467
77
632
196
294
994
546
139
808
128
492
269
822
284
525
538
229
330
453
680
767
666
338
297
324
473
843
247
621
428
585
538
583
4
237
10
637
219
453
660
149
545
617
306
287
836
467
771
226
873
961
997
71
453
594
227
788
759
231
633
672
515
910
115
226
999
116
717
503
37
320
29
479
616
805
563
59
799
641
343
23
647
682
469
841
459
515
755
25
235
632
557
198
193
517
254
25
314
549
487
982
521
203
973
605
354
545
485
110
670
680
355
532
326
48
224
219
928
632
178
275
78
341
649
475
725
823
975
694
196
263
455
505
856
217
476
708
604
580
948
73
209
11
450
790
59
807
824
470
462
972
326
617
221
396
805
738
171
714
47
726
127
702
913
720
659
988
1
357
9
631
693
435
161
692
184
850
517
113
549
871
523
260
616
644
341
347
607
739
917
341
711
939
726
769
515
842
443
277
458
972
859
677
489
837
83
82
430
382
633
336
29
362
973
93
314
328
444
604
487
711
690
705
933
354
595
794
929
512
861
953
119
12
64
87
927
185
51
78
784
916
629
323
624
761
11
853
690
260
596
169
916
493
290
978
398
771
251
697
390
994
199
599
156
495
142
867
101
887
549
85
821
722
79
481
233
828
927
86
599
185
266
453
777
742
361
529
755
80
335
133
691
580
921
494
450
416
43
971
978
343
358
615
392
761
706
876
774
588
849
502
624
119
413
186
138
770
144
318
736
90
73
293
232
66
976
756
955
185
283
529
545
848
750
522
379
935
357
113
576
619
680
948
157
34
833
251
520
592
798
760
976
902
912
383
262
552
808
98
545
113
564
598
891
363
940
508
683
322
383
648
524
265
789
749
78
955
281
112
228
361
274
193
879
655
569
58
526
737
19
692
12
492
462
575
496
96
575
108
423
914
506
706
542
217
620
164
6
33
164
728
865
232
224
506
496
815
955
152
401
711
848
46
856
349
939
22
24
901
409
844
708
408
490
506
725
946
517
737
891
837
510
951
969
546
742
904
839
829
886
73
254
155
423
810
257
503
38
901
434
737
899
238
486
200
306
538
144
219
554
634
638
828
496
357
682
936
573
491
297
364
119
838
897
231
60
583
100
230
727
987
270
540
771
626
682
951
315
926
797
290
611
526
708
525
459
525
813
71
187
138
448
189
299
46
206
919
260
813
845
467
220
240
648
758
937
769
183
297
274
647
616
487
728
577
800
162
165
682
745
358
875
910
526
169
950
358
228
969
478
564
785
573
626
579
314
923
713
329
292
17
268
228
215
22
441
297
504
834
567
892
855
691
83
952
896
893
374
928
379
988
918
595
49
251
18
646
644
178
228
575
5
155
832
485
474
836
947
39
497
43
573
30
657
930
754
273
443
216
833
589
318
918
213
862
868
652
672
745
937
569
759
267
841
793
840
771
815
850
766
443
74
996
84
583
648
262
647
959
438
36
768
288
563
523
239
721
489
536
790
202
750
769
415
884
991
919
164
550
554
383
411
400
322
704
113
14
976
262
868
471
165
127
950
77
53
825
38
650
752
671
910
289
511
27
901
545
729
396
555
714
48
140
77
159
112
757
845
45
408
902
854
253
805
685
265
122
986
386
814
980
461
454
156
703
951
646
899
393
825
766
471
437
697
18
281
8
863
242
559
502
554
692
669
149
488
867
451
560
454
268
180
590
482
160
890
244
521
513
250
288
40
281
501
982
404
601
201
747
645
575
994
697
521
46
261
332
374
728
644
876
461
366
10
628
776
121
798
374
14
642
652
511
55
642
630
586
547
988
456
901
74
5
868
881
330
734
97
920
621
96
359
262
405
269
519
791
931
262
982
835
731
106
940
408
959
339
493
915
901
778
434
735
672
740
159
141
57
172
293
497
244
895
183
994
328
382
581
654
713
878
828
270
235
519
583
565
181
324
165
93
754
32
237
266
861
530
593
88
589
865
464
331
642
279
909
333
183
278
774
575
552
491
764
934
719
344
292
989
723
187
878
844
575
780
686
911
491
839
599
89
249
324
254
923
125
445
224
701
520
911
769
343
724
43
26
823
943
856
13
714
529
65
508
467
40
910
815
572
729
61
656
909
327
806
905
700
607
205
152
164
334
607
668
302
531
543
168
26
987
722
435
210
826
952
253
361
251
946
119
818
682
437
988
103
280
663
910
652
149
271
63
616
736
882
701
272
655
229
229
350
416
674
365
480
68
619
524
753
95
355
501
874
634
163
907
62
393
398
314
16
506
540
445
695
441
426
212
767
272
728
273
28
640
38
150
432
209
706
701
100
266
731
72
415
105
226
466
299
868
355
609
753
458
744
287
673
716
127
37
653
924
284
955
56
845
552
156
934
572
424
703
907
448
80
643
991
143
786
73
224
289
619
628
883
203
908
107
233
25
898
852
383
239
654
989
320
994
858
234
338
303
506
296
699
774
59
798
60
876
156
816
964
126
328
15
266
303
942
611
967
528
80
988
373
35
160
358
934
638
640
524
12
34
749
577
355
109
956
834
504
916
199
128
689
95
94
375
593
925
799
276
476
370
179
906
933
548
993
334
720
973
638
816
414
71
482
294
867
865
835
991
294
997
570
326
149
987
903
607
680
264
351
385
904
222
5
106
615
276
265
800
339
209
551
247
259
859
560
497
818
766
186
619
652
870
328
721
684
80
764
616
393
266
318
728
136
455
888
882
980
384
50
984
973
985
355
919
844
408
701
170
641
451
447
342
502
752
34
900
610
34
306
958
9
977
833
265
296
1
555
972
809
727
320
556
319
581
317
416
779
799
240
269
47
822
1
98
62
298
254
863
179
508
871
829
991
947
598
862
55
59
352
3
769
358
457
568
183
658
896
748
151
549
5
817
697
733
260
73
456
789
405
815
43
866
418
759
893
967
684
395
745
421
59
614
608
907
136
241
849
679
80
998
292
988
956
985
226
563
527
539
212
637
353
549
607
663
478
357
432
274
554
898
468
488
103
348
532
517
403
515
796
145
354
721
85
627
559
521
852
839
486
440
740
850
363
964
864
975
420
609
733
682
744
146
245
203
652
290
487
863
867
991
655
253
834
465
56
905
974
215
64
815
757
94
861
114
73
19
744
626
427
376
963
513
886
213
926
849
949
786
752
121
610
924
642
913
57
536
367
965
535
795
754
986
235
230
314
13
957
105
786
313
801
611
8
993
967
731
877
46
839
991
289
324
221
350
39
885
882
200
791
819
918
588
212
682
216
842
116
670
185
831
579
95
377
10
427
719
824
568
289
671
495
742
515
961
57
963
820
914
546
630
623
657
972
464
187
518
2
20
615
468
846
559
533
252
392
120
181
571
705
165
47
896
486
209
437
805
715
945
282
549
388
665
328
888
958
719
257
867
443
811
64
492
907
411
615
390
282
175
717
830
62
894
461
61
328
192
156
102
727
501
223
934
688
647
589
952
107
540
262
282
81
770
234
709
857
322
567
893
837
169
584
974
474
136
210
130
427
956
318
645
24
919
349
297
384
750
278
582
880
336
170
451
215
923
815
41
34
731
286
105
978
270
970
205
279
948
302
692
494
374
167
760
823
672
474
838
889
382
328
672
699
813
943
69
305
547
900
60
296
644
201
154
96
982
93
770
516
996
825
405
473
919
606
142
604
700
334
542
804
672
130
74
425
883
389
880
526
554
262
605
178
804
947
890
149
997
268
655
170
545
906
941
436
482
786
896
233
819
455
667
481
841
836
146
701
521
650
208
530
868
122
256
825
27
927
719
396
379
349
946
675
999
185
971
949
472
397
762
133
50
615
337
657
958
650
799
965
474
139
185
308
630
9
390
440
684
897
423
472
248
514
952
16
390
385
74
780
383
12
845
203
119
820
165
904
701
664
786
136
674
321
865
30
13
146
539
560
120
921
96
821
444
731
710
981
549
508
917
2
116
918
163
201
146
501
879
790
339
667
366
791
100
272
998
76
545
339
509
425
59
742
658
163
529
907
972
137
748
288
130
897
842
705
303
276
983
208
836
628
838
101
274
502
746
493
854
871
987
888
117
556
676
831
842
415
232
269
915
382
550
593
379
8
125
549
106
105
665
350
163
847
290
276
695
854
120
818
668
435
70
541
261
332
885
539
731
169
190
155
455
265
392
163
591
638
424
328
894
735
113
614
297
85
733
255
213
65
542
439
863
184
683
599
912
827
130
486
840
463
741
739
511
325
970
193
182
873
152
241
257
726
891
238
737
964
953
886
74
633
456
604
603
678
450
638
112
408
381
643
689
261
894
367
162
152
520
605
9
577
851
401
96
370
194
923
35
100
679
172
132
972
140
516
288
132
877
584
473
156
190
140
943
124
913
969
85
625
996
210
877
600
468
940
407
322
753
783
182
818
670
580
639
670
495
935
697
779
187
263
521
59
961
364
836
829
466
721
362
667
970
775
919
158
380
239
341
641
522
303
201
3
530
910
211
354
523
747
34
473
355
203
819
688
648
949
618
74
219
596
365
601
960
362
602
114
860
324
832
846
740
58
891
875
101
733
726
589
513
533
506
58
682
411
504
920
248
114
204
651
500
835
744
966
217
635
98
781
880
569
659
886
76
693
268
402
614
0
481
712
591
975
320
690
360
111
699
839
856
362
91
283
108
998
680
415
645
115
771
729
744
183
946
806
429
761
349
844
478
227
615
824
493
13
533
937
359
545
912
167
796
373
303
208
504
828
73
150
199
968
361
185
818
575
616
69
380
259
113
286
388
402
81
458
481
379
272
608
745
738
178
347
488
126
510
573
608
650
965
922
210
897
847
93
14
632
991
325
299
289
446
618
303
874
631
758
652
389
0
969
569
578
473
746
432
782
132
87
93
237
788
399
305
803
916
614
60
350
571
977
310
464
192
625
449
13
355
727
519
921
769
502
644
728
854
7
756
336
790
787
716
742
598
342
865
309
463
784
570
421
909
777
475
833
681
397
198
82
137
748
111
723
198
827
467
586
877
844
896
997
298
250
114
586
757
473
53
729
985
296
700
940
761
512
226
649
887
240
768
318
426
397
297
106
758
766
714
286
135
765
786
359
669
468
982
556
121
861
678
423
328
125
647
877
430
246
565
604
929
448
259
955
15
946
978
969
998
265
182
646
491
920
12
872
703
278
392
80
661
538
60
293
543
748
768
890
593
231
129
665
156
801
370
667
179
362
646
380
252
936
981
899
546
169
936
304
164
804
942
998
791
250
253
653
826
440
644
3
527
946
883
719
478
990
127
186
123
246
931
516
139
101
281
9
446
995
387
84
953
255
348
514
990
851
24
554
829
56
258
316
526
949
710
196
174
1
887
215
914
952
178
918
440
916
752
642
119
177
881
728
207
557
672
764
117
682
341
799
723
316
286
957
737
36
625
971
980
389
336
190
610
187
778
163
930
171
322
471
787
137
943
683
686
588
329
802
679
428
668
649
49
657
162
401
952
577
886
490
777
566
226
950
949
647
808
227
822
460
707
216
330
312
399
865
903
163
926
967
110
625
408
702
928
983
593
9
683
533
588
377
884
463
921
626
50
319
526
143
671
767
850
381
405
993
532
354
115
113
280
455
45
718
78
666
825
66
54
995
890
283
957
108
956
64
421
103
797
576
790
328
578
300
76
887
443
967
286
166
348
115
927
315
557
437
735
936
537
901
52
476
635
484
51
367
287
317
386
394
112
583
187
958
118
213
810
999
818
745
24
504
622
455
519
668
516
979
318
386
635
358
43
973
154
748
549
560
68
111
273
357
856
598
445
47
608
236
148
336
846
394
6
967
273
939
440
439
122
109
982
149
578
846
784
467
176
681
311
685
982
387
595
310
411
899
614
615
274
4
847
664
706
343
203
726
804
91
611
884
88
31
460
264
668
227
680
984
882
836
311
532
198
77
412
948
567
452
725
840
747
827
197
673
426
91
38
795
238
647
6
75
3
608
132
711
137
112
560
102
840
616
643
327
531
873
33
799
919
1
357
909
735
817
583
623
764
13
20
59
10
208
333
726
791
436
570
126
754
685
894
875
897
223
559
228
110
866
752
404
512
406
609
387
470
908
654
28
74
57
568
176
909
616
24
270
800
982
383
164
404
700
342
672
689
882
602
961
701
376
132
907
754
642
904
596
16
36
634
406
143
498
143
114
276
573
606
204
691
312
894
912
41
564
410
149
249
399
433
483
858
361
342
119
659
511
319
894
68
349
596
362
637
437
16
922
780
420
653
165
995
432
986
963
806
369
155
776
50
916
92
494
806
480
223
26
439
503
296
621
312
444
575
98
729
817
168
82
470
383
267
881
841
239
550
120
295
782
190
315
710
855
381
500
916
989
855
619
325
398
470
648
17
828
703
946
669
938
131
942
357
284
122
418
293
694
816
464
109
163
587
317
126
568
864
806
724
113
790
718
197
640
106
408
177
946
748
466
986
411
718
740
797
661
38
438
171
46
394
437
95
330
666
721
651
733
75
590
418
386
7
831
838
249
581
810
222
657
681
477
489
506
952
502
960
561
257
778
793
708
493
711
629
409
643
476
668
820
767
817
473
432
613
900
677
162
34
54
54
464
860
952
958
404
856
75
340
133
322
436
141
22
643
646
511
530
286
987
925
446
351
9
607
772
703
358
762
69
567
249
54
729
768
646
315
728
273
378
115
477
650
668
590
604
688
99
259
705
803
642
641
885
701
358
908
101
942
116
47
70
272
283
416
23
398
289
62
8
881
805
39
58
524
984
378
236
468
178
866
15
381
361
69
46
611
371
439
809
369
333
138
779
232
846
74
888
85
948
24
144
48
427
719
225
83
835
743
122
225
452
641
620
258
776
537
665
478
123
716
855
799
121
458
145
236
438
122
850
994
412
820
466
324
724
369
786
146
354
253
82
781
251
372
203
816
724
358
470
527
321
140
623
425
516
184
412
742
368
437
988
827
598
331
704
721
14
491
914
110
570
306
482
107
147
412
832
605
363
697
225
547
12
712
248
805
80
558
992
722
712
317
701
803
484
905
736
30
316
286
704
622
978
896
896
706
471
528
807
984
810
539
628
954
30
145
173
741
270
685
703
439
959
504
785
665
954
384
189
99
401
390
755
69
554
129
642
889
29
623
601
350
311
230
163
715
731
111
502
92
258
451
999
533
710
75
29
43
518
40
824
351
794
127
558
727
447
965
503
765
878
354
225
793
283
933
753
820
341
211
594
533
946
35
23
878
664
19
937
314
165
697
77
149
264
814
482
231
893
771
448
697
945
854
806
701
727
754
351
960
2
200
351
818
201
79
854
411
623
60
492
706
545
647
48
894
922
320
649
620
552
93
818
401
426
653
916
895
712
239
805
403
438
874
456
320
158
761
622
605
167
265
352
10
400
538
687
706
534
66
132
656
568
410
594
754
873
579
588
712
678
115
185
272
794
505
362
783
180
305
730
844
907
569
780
741
281
873
9
335
678
819
2
367
591
4
739
945
250
723
341
682
712
355
706
370
522
441
853
468
998
241
864
200
49
177
1
281
864
396
396
532
980
199
415
419
874
322
848
382
58
848
413
355
284
506
400
679
803
752
598
486
298
326
83
827
297
68
761
919
282
741
435
854
142
546
600
507
178
425
112
20
804
72
42
744
474
960
476
712
751
779
286
675
544
579
576
143
486
981
658
253
211
171
739
520
387
381
177
113
895
950
522
487
421
553
575
119
368
221
97
821
112
604
628
184
576
576
395
361
854
867
419
504
980
245
686
761
954
455
782
678
33
128
60
514
892
77
122
822
153
194
172
85
778
192
524
134
781
40
852
969
440
12
464
233
715
536
943
94
769
64
109
830
810
874
336
483
666
368
980
491
376
525
710
804
585
817
139
238
450
544
338
445
183
240
66
504
571
550
724
527
72
19
653
149
429
462
301
843
256
84
123
271
706
792
487
957
319
219
363
827
880
958
433
553
45
294
227
727
204
358
746
46
44
687
952
878
926
183
85
542
704
493
692
196
658
454
45
166
63
981
776
347
146
665
649
564
869
667
847
2
852
171
209
947
310
656
194
635
485
136
192
636
664
311
991
424
326
92
577
842
298
781
462
797
831
534
877
793
612
307
719
246
580
668
605
939
521
781
805
196
267
817
892
378
796
932
780
733
288
274
762
809
293
789
554
748
51
539
532
536
915
170
882
282
111
761
302
367
72
942
470
127
888
634
837
553
143
40
460
849
16
101
768
803
779
182
355
527
899
398
71
0
202
675
24
634
902
919
670
249
987
392
766
958
393
633
95
17
477
516
596
86
599
211
898
443
717
982
71
664
244
832
750
979
345
317
112
757
32
562
432
881
295
359
359
641
155
904
948
17
509
808
366
604
518
252
171
311
836
744
463
424
319
744
400
869
810
581
491
279
286
637
960
317
700
270
782
168
46
620
930
773
812
225
515
317
292
107
709
852
149
461
752
326
868
66
4
713
109
708
419
627
204
553
476
887
102
83
986
722
233
296
68
348
591
632
885
387
831
880
23
231
722
906
610
829
410
183
646
80
607
215
460
518
626
40
312
56
164
609
688
727
223
360
42
597
828
969
995
990
195
397
978
887
84
462
638
266
881
568
993
135
878
484
974
526
67
720
775
809
845
322
333
702
76
706
766
829
348
497
959
172
312
746
934
799
260
790
528
753
742
437
613
309
506
360
660
307
862
169
20
874
435
599
48
401
408
977
453
647
974
759
900
2
224
8
89
383
472
774
706
949
184
812
516
702
192
213
870
823
9
347
231
947
290
644
565
499
359
213
902
960
112
955
437
83
230
48
518
818
127
371
148
325
252
349
581
151
194
896
639
19
181
752
476
87
224
931
492
501
963
151
840
197
889
610
762
609
619
960
322
426
347
647
910
424
604
932
948
78
102
21
729
542
565
514
244
384
171
290
492
343
256
129
876
850
749
494
254
762
59
547
90
480
573
752
83
215
838
753
938
629
808
899
127
752
920
876
613
428
23
770
450
335
474
900
11
800
372
491
141
145
325
4
112
528
394
958
494
248
414
715
742
275
531
571
948
942
126
786
957
974
956
531
865
99
207
252
988
883
366
635
764
563
984
887
843
25
977
918
771
500
67
99
759
375
303
673
66
329
696
895
377
640
940
5
982
697
693
543
645
158
220
641
139
235
211
838
148
777
533
118
115
575
144
894
780
42
478
875
688
714
657
426
59
276
305
565
589
786
543
518
436
892
835
225
960
770
430
230
587
478
12
388
906
397
239
196
665
503
364
774
212
387
434
286
344
954
162
33
971
251
59
772
767
685
708
716
215
185
189
677
657
112
140
274
886
950
561
950
485
584
16
539
545
451
699
894
551
116
283
777
552
864
792
668
430
225
426
856
639
411
892
123
896
563
389
456
397
226
763
782
915
272
786
208
636
226
998
258
660
886
858
65
934
984
903
128
818
211
232
860
584
440
269
876
84
906
287
765
840
869
526
762
316
15
375
202
34
341
167
972
595
745
827
580
848
346
138
725
641
453
83
448
890
335
959
472
948
438
626
369
599
136
455
650
413
86
34
445
920
142
839
346
672
750
843
743
273
196
498
109
529
708
784
928
354
470
921
424
457
709
483
33
129
704
38
73
186
880
529
979
211
652
791
264
41
863
808
662
973
378
608
62
820
536
465
86
847
710
628
863
828
230
689
614
861
844
983
321
53
922
542
241
536
556
505
901
53
505
309
6
934
496
282
560
165
282
756
78
228
715
288
402
429
697
140
370
631
823
779
841
10
592
935
516
48
882
842
944
454
445
665
813
501
158
161
558
709
1
329
834
625
955
143
520
846
724
637
766
762
917
179
714
498
83
939
993
211
947
653
840
337
566
677
335
199
594
797
629
314
578
852
477
902
616
53
314
967
673
886
264
203
285
866
705
473
819
382
530
119
254
994
447
285
780
954
463
730
430
390
585
460
12
660
763
649
578
585
343
810
251
313
365
583
970
429
736
588
93
449
546
948
962
525
811
176
653
127
670
558
519
880
623
764
532
885
884
872
882
558
15
348
863
827
871
859
429
625
599
369
185
398
464
400
261
355
795
796
141
367
417
245
587
819
830
459
306
51
806
83
90
387
619
653
407
685
946
840
953
233
817
340
83
691
880
667
547
943
747
487
628
638
482
384
495
598
96
585
608
907
248
914
899
193
543
366
665
3
247
578
363
570
914
465
155
16
411
365
536
834
133
415
228
282
2
801
534
431
56
209
923
934
275
503
770
933
718
399
134
755
475
942
714
606
406
803
428
541
830
979
931
250
711
684
188
68
15
25
643
177
757
206
776
18
96
999
565
340
603
515
119
734
266
904
73
947
942
679
757
930
854
123
393
227
125
855
407
804
902
904
253
163
461
417
652
332
101
988
157
595
64
170
441
985
628
536
511
295
654
731
638
177
352
927
596
434
43
622
334
778
500
616
505
170
886
306
697
603
738
840
79
82
71
901
584
441
825
738
20
466
251
528
778
250
134
406
654
409
226
665
565
126
130
854
758
915
960
87
648
673
252
365
37
854
75
671
921
53
594
352
740
720
377
929
556
177
155
27
263
397
894
686
993
535
860
423
850
888
463
771
136
119
34
146
868
580
347
334
432
115
949
903
395
194
171
549
736
604
37
640
833
316
619
486
359
46
228
654
634
70
63
773
201
522
948
185
345
358
572
456
721
946
339
678
638
441
285
38
681
115
112
460
180
347
563
362
247
768
454
169
769
922
17
610
268
45
262
231
247
30
427
593
275
838
750
783
455
529
597
22
729
659
102
845
645
61
720
879
263
889
15
288
57
30
308
104
579
874
850
893
614
585
527
896
7
436
138
902
508
757
42
881
89
862
292
200
694
247
26
261
204
586
91
123
908
604
304
304
473
299
867
301
440
78
136
24
710
725
750
525
295
724
517
475
813
592
821
998
10
968
429
597
435
315
777
224
168
599
460
133
765
49
436
625
935
900
439
483
17
469
741
65
592
360
437
590
899
215
96
227
689
399
892
912
414
994
44
480
47
3
570
829
727
38
29
7
692
115
188
48
3
600
979
407
619
168
913
86
153
989
837
858
883
926
644
579
449
551
237
885
546
985
378
850
927
848
653
52
756
35
608
860
833
101
902
70
708
539
759
147
72
3
87
47
163
859
696
893
362
248
975
349
332
945
939
860
421
82
689
351
519
658
431
750
202
393
414
362
237
785
547
258
913
697
862
710
508
503
425
963
792
295
392
718
681
333
809
14
922
566
273
767
84
282
613
530
433
299
354
223
83
375
180
367
178
763
44
89
171
600
728
929
507
959
254
799
252
895
554
769
673
865
939
576
330
760
324
926
999
374
543
639
703
367
665
601
869
465
372
344
750
754
403
185
658
308
683
997
292
383
140
999
986
953
142
442
874
49
344
434
789
270
180
355
983
491
546
801
317
25
513
244
587
276
218
663
467
950
591
999
251
717
59
462
20
876
254
629
435
983
722
848
583
916
597
476
529
750
957
920
221
259
56
598
831
381
62
457
572
515
332
0
454
913
479
847
644
21
847
321
825
881
438
715
228
411
152
678
468
846
735
243
342
758
70
750
150
454
103
349
942
467
609
65
318
618
179
113
702
675
480
628
959
249
266
691
288
647
774
435
597
897
219
467
60
305
52
184
290
611
642
970
897
124
853
708
218
106
857
477
831
470
86
509
543
472
838
380
340
900
744
433
102
564
889
36
69
896
254
156
233
12
949
639
195
59
820
561
485
765
412
206
877
244
666
271
665
782
308
230
508
802
595
547
481
443
119
840
455
527
289
23
498
145
297
848
906
378
24
288
305
561
56
3
445
828
488
395
762
14
486
70
615
85
736
786
975
385
196
679
308
813
610
214
466
467
365
52
465
468
238
700
120
463
446
788
270
190
176
712
745
30
802
314
549
199
985
104
610
533
155
605
699
69
24
619
22
135
636
995
911
594
249
234
112
133
540
293
942
18
88
238
933
333
484
289
248
501
313
843
342
278
918
806
452
408
290
898
115
309
92
260
66
566
709
806
170
55
497
712
249
675
493
610
588
302
208
744
566
238
70
540
17
429
442
256
8
459
723
823
683
358
595
826
378
917
193
363
17
505
999
460
641
190
408
156
456
722
588
416
998
790
662
203
536
735
34
277
83
791
832
603
101
597
369
509
242
924
552
24
719
507
435
444
949
830
251
510
47
84
970
258
653
631
450
811
240
652
304
730
552
335
361
461
325
446
383
357
352
900
947
948
808
569
177
452
434
615
339
778
939
302
167
395
965
782
832
663
800
216
462
871
760
529
299
214
404
906
18
466
669
383
972
582
366
166
286
238
448
394
782
612
